% Autogenerated by get_imola_lap.py

laptime_ref = 78.446; 
s_ref = [18.43111111111111, 31.186666666666667, 50.533611111111114, 69.93361111111112, 86.15583333333335, 112.28916666666667, 125.35583333333335, 138.46694444444447, 161.56694444444446, 178.1225, 194.65055555555557, 217.98388888888888, 234.76166666666668, 271.795, 302.195, 319.13944444444445, 342.93944444444446, 376.93944444444446, 414.46166666666664, 445.26166666666666, 465.8616666666667, 479.5505555555556, 506.92833333333334, 527.5283333333333, 551.5616666666666, 582.5616666666666, 606.6808333333332, 620.4141666666666, 641.0141666666666, 678.7808333333332, 699.4475, 733.8919444444444, 747.6697222222223, 761.3613888888889, 781.9613888888889, 807.6502777777778, 819.3391666666666, 835.2058333333333, 857.9836111111111, 868.0947222222222, 882.9391666666667, 897.2502777777778, 913.0502777777778, 923.7169444444444, 934.9169444444444, 942.8280555555556, 950.9169444444444, 968.9169444444444, 979.1391666666666, 996.2947222222222, 1016.0494444444445, 1025.205, 1042.0049999999999, 1056.6716666666666, 1074.2494444444444, 1097.4494444444445, 1118.516111111111, 1137.2605555555554, 1167.5027777777775, 1178.7027777777776, 1195.7027777777776, 1221.8027777777777, 1242.258333333333, 1263.0249999999996, 1286.9361111111107, 1317.491666666666, 1354.8249999999994, 1386.269444444444, 1408.5138888888882, 1427.580555555555, 1453.269444444444, 1469.3249999999994, 1498.5088888888881, 1509.7977777777771, 1528.4644444444439, 1541.4088888888882, 1560.6977777777772, 1573.5644444444438, 1587.5644444444438, 1595.2533333333326, 1606.586666666666, 1613.875555555555, 1626.740555555555, 1634.2072222222216, 1652.3072222222215, 1664.7072222222216, 1679.951666666666, 1688.8405555555548, 1705.0961111111105, 1729.601666666666, 1741.9838888888883, 1759.7949999999992, 1783.3949999999993, 1804.6394444444438, 1823.3061111111103, 1832.1949999999993, 1844.9961111111104, 1855.4855555555548, 1861.7913888888882, 1867.880277777777, 1878.9024999999992, 1889.3024999999993, 1895.6358333333326, 1905.2358333333325, 1911.0136111111103, 1915.680277777777, 1922.880277777777, 1930.3469444444438, 1941.2461111111104, 1951.2794444444437, 1960.6794444444438, 1978.2349999999992, 1987.4572222222214, 1998.8572222222215, 2013.4016666666657, 2024.123888888888, 2035.1794444444436, 2048.6461111111103, 2062.912777777777, 2072.512777777777, 2089.9349999999995, 2107.9016666666657, 2131.7016666666664, 2156.1016666666665, 2178.3041666666663, 2203.8041666666663, 2232.693055555555, 2253.1486111111108, 2264.8819444444443, 2276.7041666666664, 2291.5930555555556, 2312.6708333333327, 2324.7152777777774, 2349.083333333333, 2370.627777777777, 2395.5166666666655, 2414.3166666666657, 2441.116666666666, 2452.6277777777773, 2468.427777777777, 2480.9833333333327, 2497.8611111111104, 2509.6944444444434, 2527.9166666666656, 2546.2277777777767, 2565.072222222221, 2582.0883333333322, 2607.469166666666, 2620.3108333333325, 2633.421944444444, 2643.955277777777, 2657.3441666666663, 2668.2774999999992, 2693.5775, 2707.7997222222216, 2725.0663888888885, 2739.6219444444437, 2766.4219444444443, 2781.4774999999995, 2818.200833333333, 2833.6452777777777, 2849.2563888888885, 2883.6008333333334, 2895.8230555555556, 2913.356388888889, 2924.956388888889, 2957.756388888889, 2970.4786111111116, 2993.334166666667, 3010.556388888889, 3023.1786111111114, 3030.8452777777784, 3038.2897222222227, 3044.2825000000007, 3051.393611111112, 3058.615833333334, 3067.882500000001, 3079.2380555555565, 3091.6047222222232, 3100.8269444444454, 3118.5269444444452, 3128.693611111112, 3137.3158333333345, 3146.0269444444457, 3157.249166666668, 3175.8575000000014, 3205.724166666668, 3231.501944444446, 3255.401944444446, 3268.9019444444457, 3288.113055555557, 3304.7130555555573, 3318.8241666666686, 3338.8908333333347, 3362.1797222222235, 3385.824166666668, 3406.6686111111126, 3430.743611111113, 3445.02138888889, 3460.688055555557, 3478.1102777777796, 3489.9769444444464, 3502.8102777777794, 3513.6991666666686, 3521.1991666666686, 3530.9991666666688, 3542.5991666666687, 3548.9325000000017, 3553.688055555557, 3561.980555555557, 3566.7361111111127, 3580.7361111111127, 3585.625000000002, 3600.658333333335, 3606.436111111113, 3612.3916666666682, 3622.3250000000016, 3636.9027777777796, 3646.458333333335, 3662.902777777779, 3689.8361111111126, 3703.6361111111123, 3713.206666666668, 3727.6733333333345, 3750.6733333333345, 3763.6733333333345, 3774.162222222223, 3787.5511111111123, 3809.5955555555565, 3829.1955555555564, 3849.106666666667, 3863.551111111112, 3878.051111111112, 3889.828888888889, 3904.6622222222227, 3922.5872222222224, 3943.8983333333335, 3956.165, 3977.787222222222, 3999.565, 4021.342777777778, 4040.009444444444, 4052.720555555556, 4075.198333333333, 4088.042777777778, 4104.265, 4117.287222222222, 4146.687222222222, 4169.553888888889, 4182.664999999999, 4206.739999999999, 4217.628888888888, 4236.384444444444, 4247.106666666667, 4254.928888888889, 4262.395555555555, 4274.528888888888, 4282.362222222221, 4292.55111111111, 4299.606666666666, 4307.673333333332, 4316.928888888888, 4323.706666666666, 4330.762222222221, 4338.00361111111, 4347.270277777777, 4362.770277777777, 4373.70361111111, 4387.236944444444, 4399.836944444444, 4410.170277777778, 4421.836944444444, 4437.725833333333, 4452.525833333333, 4464.581388888889, 4475.3147222222215, 4490.740555555555, 4503.073888888888, 4511.384999999999, 4538.451666666666, 4562.340555555555, 4576.873888888888, 4592.073888888888, 4610.273888888888, 4626.140555555554, 4636.89611111111, 4647.740555555554, 4661.5183333333325, 4675.462777777777, 4701.091388888887, 4724.291388888887, 4736.0247222222215, 4756.791388888888, 4768.7024999999985, 4792.969166666665, 4808.302499999999, 4820.735277777777, 4836.213055555554, 4848.657499999998];
