s_ref = [3.173333333333334, 21.373333333333335, 46.072500000000005, 58.42805555555555, 86.52805555555555, 102.13916666666668, 121.00583333333336, 146.2502777777778, 165.3169444444445, 178.02805555555562, 206.8280555555556, 219.62805555555562, 245.3169444444445, 274.4169444444445, 293.8169444444445, 316.5280555555556, 332.75027777777785, 345.72805555555567, 368.51694444444456, 391.3836111111112, 404.45027777777784, 437.0352777777778, 453.3686111111112, 466.43527777777786, 495.83527777777783, 508.9019444444445, 525.2908333333334, 554.7908333333334, 567.9838888888888, 587.7172222222222, 617.3172222222222, 640.3394444444443, 676.6394444444444, 699.7394444444443, 716.2394444444444, 739.4172222222221, 756.0283333333333, 774.6283333333332, 799.3283333333333, 816.2838888888888, 825.2616666666665, 835.7616666666665, 847.4949999999998, 856.606111111111, 865.1616666666665, 876.3616666666666, 889.7616666666665, 921.9266666666665, 935.0266666666665, 942.8044444444442, 949.2044444444442, 958.5097222222221, 964.7319444444443, 974.198611111111, 989.398611111111, 999.798611111111, 1007.2208333333331, 1021.2208333333331, 1031.5541666666663, 1042.498611111111, 1051.2541666666664, 1078.9874999999997, 1103.209722222222, 1123.120833333333, 1135.731944444444, 1148.5652777777773, 1172.2652777777776, 1196.5652777777775, 1213.1652777777774, 1232.9208333333331, 1255.7824999999998, 1270.1713888888887, 1284.7825, 1308.4269444444442, 1332.3380555555552, 1344.3380555555552, 1374.9699999999996, 1387.1922222222217, 1402.6366666666663, 1418.1366666666663, 1436.8699999999994, 1455.603333333333, 1472.403333333333, 1488.003333333333, 1513.5477777777774, 1522.3922222222218, 1531.014444444444, 1539.5477777777774, 1559.7699999999998, 1570.7699999999998, 1587.103333333333, 1596.503333333333, 1608.7699999999998, 1614.6366666666663, 1626.814444444444, 1639.614444444444, 1649.9711111111105, 1662.7266666666662, 1672.2822222222217, 1690.5822222222216, 1701.3599999999994, 1717.1272222222217, 1740.7938888888882, 1755.3272222222217, 1765.2383333333328, 1777.8494444444439, 1826.1827777777771, 1835.1272222222215, 1849.4272222222214, 1857.9605555555547, 1865.8938888888881, 1872.1161111111103, 1882.1161111111103, 1889.3494444444436, 1894.3494444444436, 1899.293888888888, 1905.0272222222213, 1908.893888888888, 1919.3383333333322, 1931.6547222222212, 1945.4658333333325, 1952.1880555555547, 1969.583055555555, 1987.4719444444438, 2001.005277777777, 2022.005277777777, 2039.694166666666, 2055.794166666666, 2072.3608333333327, 2092.183055555555, 2102.183055555555, 2122.805277777777, 2149.4719444444436, 2174.1719444444434, 2199.471944444444, 2210.716388888888, 2236.616388888888, 2253.9497222222217, 2271.549722222222, 2298.249722222222, 2316.0419444444437, 2340.2197222222217, 2355.4419444444443, 2392.719444444444, 2405.119444444444, 2420.452777777777, 2437.5861111111108, 2452.8527777777776, 2468.9527777777776, 2483.886111111111, 2508.019444444444, 2517.797222222222, 2525.530555555555, 2535.3638888888886, 2549.519444444444, 2581.5194444444437, 2594.719444444444, 2603.786111111111, 2624.986111111111, 2637.0972222222217, 2649.430555555555, 2672.3305555555553, 2690.5305555555556, 2703.8638888888886, 2728.4952777777776, 2748.0952777777775, 2759.4286111111105, 2773.761944444444, 2785.3897222222217, 2808.9452777777774, 2829.789722222222, 2850.8674999999994, 2863.000833333333, 2882.600833333333, 2893.534166666666, 2903.9786111111107, 2919.111944444444, 2933.711944444444, 2947.5786111111106, 2967.023055555555, 2982.023055555555, 2991.3563888888884, 2997.1341666666663, 3006.778611111111, 3016.823055555555, 3025.223055555555, 3033.1563888888886, 3044.378611111111, 3053.6230555555553, 3063.578611111111, 3077.543611111111, 3092.8769444444447, 3106.0736111111114, 3116.4736111111115, 3133.6736111111113, 3151.9736111111115, 3164.8402777777783, 3178.1736111111118, 3191.9736111111115, 3201.3513888888897, 3223.4513888888896, 3235.9513888888896, 3253.995833333334, 3269.662500000001, 3291.0847222222233, 3307.4847222222234, 3329.7958333333345, 3364.062500000001, 3378.5069444444457, 3395.906944444446, 3418.306944444446, 3433.1069444444456, 3447.906944444446, 3460.255277777779, 3471.0552777777793, 3482.1775000000016, 3489.603333333335, 3497.803333333335, 3503.003333333335, 3510.403333333335, 3517.3366666666684, 3523.9366666666683, 3533.136666666668, 3541.9366666666683, 3545.803333333335, 3552.9144444444464, 3556.4255555555574, 3560.703333333335, 3564.8700000000017, 3569.9366666666683, 3576.8700000000017, 3581.4255555555574, 3588.270000000002, 3594.4700000000016, 3599.970000000002, 3605.8588888888908, 3612.1366666666686, 3618.6922222222242, 3630.8700000000017, 3646.170000000002, 3655.4477777777797, 3667.0658333333354, 3677.2880555555575, 3690.3422222222243, 3699.142222222224, 3710.420000000002, 3737.064444444446, 3751.9311111111124, 3767.331111111113, 3793.886666666668, 3804.59777777778, 3823.80888888889, 3843.40888888889, 3860.2088888888907, 3871.675555555557, 3889.0755555555565, 3900.8088888888906, 3921.4977777777785, 3933.4088888888905, 3954.4866666666685, 3969.320000000001, 3980.964444444446, 4007.164444444446, 4018.320000000001, 4029.3866666666677, 4040.3200000000006, 4056.3866666666677, 4069.5533333333346, 4090.0866666666675, 4105.356111111112, 4128.92138888889, 4147.4325, 4189.8325, 4209.0325, 4224.4991666666665, 4231.699166666666, 4243.1325, 4249.532499999999, 4255.488055555556, 4266.421388888889, 4272.865833333333, 4277.799166666667, 4287.043611111111, 4297.710277777777, 4306.065833333333, 4313.299166666667, 4318.521388888888, 4327.2325, 4332.899166666667, 4341.5325, 4346.821388888889, 4352.288055555555, 4364.288055555555, 4370.603888888888, 4384.743055555555, 4397.643055555554, 4409.743055555555, 4423.554166666666, 4431.0875, 4440.031944444444, 4448.031944444444, 4454.865277777777, 4463.331944444443, 4473.909722222221, 4483.576388888887, 4499.876388888887, 4517.776388888887, 4525.909722222221, 4538.909722222221, 4564.087499999999, 4578.220833333332, 4590.331944444443, 4605.398611111111, 4623.287499999999, 4636.343055555554, 4657.765277777777, 4688.007499999999, 4719.244999999999, 4730.6672222222205, 4756.6672222222205, 4768.311666666666, 4785.911666666665, 4803.711666666664, 4824.633888888887, 4845.789444444443];
